827874208021639168
827885966509604865
827981079042805761
827996357252243456
828024835670413312
828039143318024194
828042506851934209
828342202174668800
828343072840900610
828375073006444544
828447350200926212
828574430800539648
828575949268606977
828642511698669569
828748574255091714
828793887275761665
828797801630937089
828939235499638784
829003091735359488
829133645055135750
829299566344359936
829315036329963521
829349943613734912
829356871848951809
829357626798530561
829384587482656768
829410107406614534
829414457126313986
829446266111287305
829451566000242688
829496507841789952
829660612452036608
829681034564341760
829682794951475200
829684271812067328
829689436279603206
829721019720015872
829836231802515457
830042498806460417
830047626414477312
830195857530183684
830389130311921667
830405706255912960
830407172747988992
830409522397184000
830483672096768001
830552079240409089
830555911559249926
830558065715998726
830618234726543360
830643095150657536
830741932099960834
830747067379232769
830751875578355713
830764596235485188
830769247185952772
830804130692268032
830904083519242241
831169341358014475
831185943482793986
831214091993751552
831336432073658368
831344902990655489
831510532318429184
831599387906301952
831621079747723264
831636777110757377
831830548565852160
831837514226921472
831840306161123328
831842652085686273
831846101179314177
831853862281699331
831904516316479489
831945670324060164
831952535544070145
831979921555742732
832016501657968640
832191485701451777
832197515248275456
832198588201594880
832230758299340800
832238070460186625

